Frame 0
    0 [0000000000000000, 0000000400000000, 0000000000000000, 0000000000000000, 0000000000000000, 0000000000000000, 0000000000000000, 0000000000000000, 0000000000000000, 0000000000000000, 0000000200001000]     0: ldxdw r6, [r1+0x0]
    1 [0000000000000000, 0000000400000000, 0000000000000000, 0000000000000000, 0000000000000000, 0000000000000000, 0000000000000003, 0000000000000000, 0000000000000000, 0000000000000000, 0000000200001000]     1: mov64 r7, r1
    2 [0000000000000000, 0000000400000000, 0000000000000000, 0000000000000000, 0000000000000000, 0000000000000000, 0000000000000003, 0000000400000000, 0000000000000000, 0000000000000000, 0000000200001000]     2: add64 r7, 8
    3 [0000000000000000, 0000000400000000, 0000000000000000, 0000000000000000, 0000000000000000, 0000000000000000, 0000000000000003, 0000000400000008, 0000000000000000, 0000000000000000, 0000000200001000]     3: mov64 r2, r10
    4 [0000000000000000, 0000000400000000, 0000000200001000, 0000000000000000, 0000000000000000, 0000000000000000, 0000000000000003, 0000000400000008, 0000000000000000, 0000000000000000, 0000000200001000]     4: sub64 r2, 8
    5 [0000000000000000, 0000000400000000, 0000000200000FF8, 0000000000000000, 0000000000000000, 0000000000000000, 0000000000000003, 0000000400000008, 0000000000000000, 0000000000000000, 0000000200001000]     5: jeq r6, 0, lbb_17
    6 [0000000000000000, 0000000400000000, 0000000200000FF8, 0000000000000000, 0000000000000000, 0000000000000000, 0000000000000003, 0000000400000008, 0000000000000000, 0000000000000000, 0000000200001000]     6: stxdw [r2+0x0], r7
    7 [0000000000000000, 0000000400000000, 0000000200000FF8, 0000000000000000, 0000000000000000, 0000000000000000, 0000000000000003, 0000000400000008, 0000000000000000, 0000000000000000, 0000000200001000]     7: sub64 r2, 8
    8 [0000000000000000, 0000000400000000, 0000000200000FF0, 0000000000000000, 0000000000000000, 0000000000000000, 0000000000000003, 0000000400000008, 0000000000000000, 0000000000000000, 0000000200001000]     8: ldxdw r3, [r7+0x50]
    9 [0000000000000000, 0000000400000000, 0000000200000FF0, 0000000000000000, 0000000000000000, 0000000000000000, 0000000000000003, 0000000400000008, 0000000000000000, 0000000000000000, 0000000200001000]     9: add64 r3, 10247
   10 [0000000000000000, 0000000400000000, 0000000200000FF0, 0000000000002807, 0000000000000000, 0000000000000000, 0000000000000003, 0000000400000008, 0000000000000000, 0000000000000000, 0000000200001000]    10: mov64 r4, r3
   11 [0000000000000000, 0000000400000000, 0000000200000FF0, 0000000000002807, 0000000000002807, 0000000000000000, 0000000000000003, 0000000400000008, 0000000000000000, 0000000000000000, 0000000200001000]    11: and64 r4, 7
   12 [0000000000000000, 0000000400000000, 0000000200000FF0, 0000000000002807, 0000000000000007, 0000000000000000, 0000000000000003, 0000000400000008, 0000000000000000, 0000000000000000, 0000000200001000]    12: sub64 r3, r4
   13 [0000000000000000, 0000000400000000, 0000000200000FF0, 0000000000002800, 0000000000000007, 0000000000000000, 0000000000000003, 0000000400000008, 0000000000000000, 0000000000000000, 0000000200001000]    13: add64 r3, 96
   14 [0000000000000000, 0000000400000000, 0000000200000FF0, 0000000000002860, 0000000000000007, 0000000000000000, 0000000000000003, 0000000400000008, 0000000000000000, 0000000000000000, 0000000200001000]    14: add64 r7, r3
   15 [0000000000000000, 0000000400000000, 0000000200000FF0, 0000000000002860, 0000000000000007, 0000000000000000, 0000000000000003, 0000000400002868, 0000000000000000, 0000000000000000, 0000000200001000]    15: sub64 r6, 1
   16 [0000000000000000, 0000000400000000, 0000000200000FF0, 0000000000002860, 0000000000000007, 0000000000000000, 0000000000000002, 0000000400002868, 0000000000000000, 0000000000000000, 0000000200001000]    16: ja function_5
   17 [0000000000000000, 0000000400000000, 0000000200000FF0, 0000000000002860, 0000000000000007, 0000000000000000, 0000000000000002, 0000000400002868, 0000000000000000, 0000000000000000, 0000000200001000]     5: jeq r6, 0, lbb_17
   18 [0000000000000000, 0000000400000000, 0000000200000FF0, 0000000000002860, 0000000000000007, 0000000000000000, 0000000000000002, 0000000400002868, 0000000000000000, 0000000000000000, 0000000200001000]     6: stxdw [r2+0x0], r7
   19 [0000000000000000, 0000000400000000, 0000000200000FF0, 0000000000002860, 0000000000000007, 0000000000000000, 0000000000000002, 0000000400002868, 0000000000000000, 0000000000000000, 0000000200001000]     7: sub64 r2, 8
   20 [0000000000000000, 0000000400000000, 0000000200000FE8, 0000000000002860, 0000000000000007, 0000000000000000, 0000000000000002, 0000000400002868, 0000000000000000, 0000000000000000, 0000000200001000]     8: ldxdw r3, [r7+0x50]
   21 [0000000000000000, 0000000400000000, 0000000200000FE8, 0000000000000055, 0000000000000007, 0000000000000000, 0000000000000002, 0000000400002868, 0000000000000000, 0000000000000000, 0000000200001000]     9: add64 r3, 10247
   22 [0000000000000000, 0000000400000000, 0000000200000FE8, 000000000000285C, 0000000000000007, 0000000000000000, 0000000000000002, 0000000400002868, 0000000000000000, 0000000000000000, 0000000200001000]    10: mov64 r4, r3
   23 [0000000000000000, 0000000400000000, 0000000200000FE8, 000000000000285C, 000000000000285C, 0000000000000000, 0000000000000002, 0000000400002868, 0000000000000000, 0000000000000000, 0000000200001000]    11: and64 r4, 7
   24 [0000000000000000, 0000000400000000, 0000000200000FE8, 000000000000285C, 0000000000000004, 0000000000000000, 0000000000000002, 0000000400002868, 0000000000000000, 0000000000000000, 0000000200001000]    12: sub64 r3, r4
   25 [0000000000000000, 0000000400000000, 0000000200000FE8, 0000000000002858, 0000000000000004, 0000000000000000, 0000000000000002, 0000000400002868, 0000000000000000, 0000000000000000, 0000000200001000]    13: add64 r3, 96
   26 [0000000000000000, 0000000400000000, 0000000200000FE8, 00000000000028B8, 0000000000000004, 0000000000000000, 0000000000000002, 0000000400002868, 0000000000000000, 0000000000000000, 0000000200001000]    14: add64 r7, r3
   27 [0000000000000000, 0000000400000000, 0000000200000FE8, 00000000000028B8, 0000000000000004, 0000000000000000, 0000000000000002, 0000000400005120, 0000000000000000, 0000000000000000, 0000000200001000]    15: sub64 r6, 1
   28 [0000000000000000, 0000000400000000, 0000000200000FE8, 00000000000028B8, 0000000000000004, 0000000000000000, 0000000000000001, 0000000400005120, 0000000000000000, 0000000000000000, 0000000200001000]    16: ja function_5
   29 [0000000000000000, 0000000400000000, 0000000200000FE8, 00000000000028B8, 0000000000000004, 0000000000000000, 0000000000000001, 0000000400005120, 0000000000000000, 0000000000000000, 0000000200001000]     5: jeq r6, 0, lbb_17
   30 [0000000000000000, 0000000400000000, 0000000200000FE8, 00000000000028B8, 0000000000000004, 0000000000000000, 0000000000000001, 0000000400005120, 0000000000000000, 0000000000000000, 0000000200001000]     6: stxdw [r2+0x0], r7
   31 [0000000000000000, 0000000400000000, 0000000200000FE8, 00000000000028B8, 0000000000000004, 0000000000000000, 0000000000000001, 0000000400005120, 0000000000000000, 0000000000000000, 0000000200001000]     7: sub64 r2, 8
   32 [0000000000000000, 0000000400000000, 0000000200000FE0, 00000000000028B8, 0000000000000004, 0000000000000000, 0000000000000001, 0000000400005120, 0000000000000000, 0000000000000000, 0000000200001000]     8: ldxdw r3, [r7+0x50]
   33 [0000000000000000, 0000000400000000, 0000000200000FE0, 0000000000000000, 0000000000000004, 0000000000000000, 0000000000000001, 0000000400005120, 0000000000000000, 0000000000000000, 0000000200001000]     9: add64 r3, 10247
   34 [0000000000000000, 0000000400000000, 0000000200000FE0, 0000000000002807, 0000000000000004, 0000000000000000, 0000000000000001, 0000000400005120, 0000000000000000, 0000000000000000, 0000000200001000]    10: mov64 r4, r3
   35 [0000000000000000, 0000000400000000, 0000000200000FE0, 0000000000002807, 0000000000002807, 0000000000000000, 0000000000000001, 0000000400005120, 0000000000000000, 0000000000000000, 0000000200001000]    11: and64 r4, 7
   36 [0000000000000000, 0000000400000000, 0000000200000FE0, 0000000000002807, 0000000000000007, 0000000000000000, 0000000000000001, 0000000400005120, 0000000000000000, 0000000000000000, 0000000200001000]    12: sub64 r3, r4
   37 [0000000000000000, 0000000400000000, 0000000200000FE0, 0000000000002800, 0000000000000007, 0000000000000000, 0000000000000001, 0000000400005120, 0000000000000000, 0000000000000000, 0000000200001000]    13: add64 r3, 96
   38 [0000000000000000, 0000000400000000, 0000000200000FE0, 0000000000002860, 0000000000000007, 0000000000000000, 0000000000000001, 0000000400005120, 0000000000000000, 0000000000000000, 0000000200001000]    14: add64 r7, r3
   39 [0000000000000000, 0000000400000000, 0000000200000FE0, 0000000000002860, 0000000000000007, 0000000000000000, 0000000000000001, 0000000400007980, 0000000000000000, 0000000000000000, 0000000200001000]    15: sub64 r6, 1
   40 [0000000000000000, 0000000400000000, 0000000200000FE0, 0000000000002860, 0000000000000007, 0000000000000000, 0000000000000000, 0000000400007980, 0000000000000000, 0000000000000000, 0000000200001000]    16: ja function_5
   41 [0000000000000000, 0000000400000000, 0000000200000FE0, 0000000000002860, 0000000000000007, 0000000000000000, 0000000000000000, 0000000400007980, 0000000000000000, 0000000000000000, 0000000200001000]     5: jeq r6, 0, lbb_17
   42 [0000000000000000, 0000000400000000, 0000000200000FE0, 0000000000002860, 0000000000000007, 0000000000000000, 0000000000000000, 0000000400007980, 0000000000000000, 0000000000000000, 0000000200001000]    17: ldxdw r3, [r7+0x0]
   43 [0000000000000000, 0000000400000000, 0000000200000FE0, 0000000000000023, 0000000000000007, 0000000000000000, 0000000000000000, 0000000400007980, 0000000000000000, 0000000000000000, 0000000200001000]    18: jlt r3, 1, lbb_50
   44 [0000000000000000, 0000000400000000, 0000000200000FE0, 0000000000000023, 0000000000000007, 0000000000000000, 0000000000000000, 0000000400007980, 0000000000000000, 0000000000000000, 0000000200001000]    19: ldxb r4, [r7+0x8]
   45 [0000000000000000, 0000000400000000, 0000000200000FE0, 0000000000000023, 0000000000000000, 0000000000000000, 0000000000000000, 0000000400007980, 0000000000000000, 0000000000000000, 0000000200001000]    20: jeq r4, 0, lbb_25
   46 [0000000000000000, 0000000400000000, 0000000200000FE0, 0000000000000023, 0000000000000000, 0000000000000000, 0000000000000000, 0000000400007980, 0000000000000000, 0000000000000000, 0000000200001000]    25: ldxdw r3, [r1+0x0]
   47 [0000000000000000, 0000000400000000, 0000000200000FE0, 0000000000000003, 0000000000000000, 0000000000000000, 0000000000000000, 0000000400007980, 0000000000000000, 0000000000000000, 0000000200001000]    26: jne r3, 3, lbb_52
   48 [0000000000000000, 0000000400000000, 0000000200000FE0, 0000000000000003, 0000000000000000, 0000000000000000, 0000000000000000, 0000000400007980, 0000000000000000, 0000000000000000, 0000000200001000]    27: ldxdw r3, [r7+0x0]
   49 [0000000000000000, 0000000400000000, 0000000200000FE0, 0000000000000023, 0000000000000000, 0000000000000000, 0000000000000000, 0000000400007980, 0000000000000000, 0000000000000000, 0000000200001000]    28: jlt r3, 35, lbb_50
   50 [0000000000000000, 0000000400000000, 0000000200000FE0, 0000000000000023, 0000000000000000, 0000000000000000, 0000000000000000, 0000000400007980, 0000000000000000, 0000000000000000, 0000000200001000]    29: ldxdw r3, [r10-0x8]
   51 [0000000000000000, 0000000400000000, 0000000200000FE0, 0000000400000008, 0000000000000000, 0000000000000000, 0000000000000000, 0000000400007980, 0000000000000000, 0000000000000000, 0000000200001000]    30: ldxb r2, [r3+0x1]
   52 [0000000000000000, 0000000400000000, 0000000000000001, 0000000400000008, 0000000000000000, 0000000000000000, 0000000000000000, 0000000400007980, 0000000000000000, 0000000000000000, 0000000200001000]    31: jne r2, 1, lbb_54
   53 [0000000000000000, 0000000400000000, 0000000000000001, 0000000400000008, 0000000000000000, 0000000000000000, 0000000000000000, 0000000400007980, 0000000000000000, 0000000000000000, 0000000200001000]    32: ldxdw r3, [r10-0x10]
   54 [0000000000000000, 0000000400000000, 0000000000000001, 0000000400002868, 0000000000000000, 0000000000000000, 0000000000000000, 0000000400007980, 0000000000000000, 0000000000000000, 0000000200001000]    33: ldxb r2, [r3+0x2]
   55 [0000000000000000, 0000000400000000, 0000000000000001, 0000000400002868, 0000000000000000, 0000000000000000, 0000000000000000, 0000000400007980, 0000000000000000, 0000000000000000, 0000000200001000]    34: jne r2, 1, lbb_56
   56 [0000000000000000, 0000000400000000, 0000000000000001, 0000000400002868, 0000000000000000, 0000000000000000, 0000000000000000, 0000000400007980, 0000000000000000, 0000000000000000, 0000000200001000]    35: ldxdw r2, [r3+0x50]
   57 [0000000000000000, 0000000400000000, 0000000000000055, 0000000400002868, 0000000000000000, 0000000000000000, 0000000000000000, 0000000400007980, 0000000000000000, 0000000000000000, 0000000200001000]    36: jne r2, 85, lbb_58
   58 [0000000000000000, 0000000400000000, 0000000000000055, 0000000400002868, 0000000000000000, 0000000000000000, 0000000000000000, 0000000400007980, 0000000000000000, 0000000000000000, 0000000200001000]    37: ldxdw r2, [r3+0x58]
   59 [0000000000000000, 0000000400000000, 0000000000000000, 0000000400002868, 0000000000000000, 0000000000000000, 0000000000000000, 0000000400007980, 0000000000000000, 0000000000000000, 0000000200001000]    38: lddw r0, 0x0
   60 [0000000000000000, 0000000400000000, 0000000000000000, 0000000400002868, 0000000000000000, 0000000000000000, 0000000000000000, 0000000400007980, 0000000000000000, 0000000000000000, 0000000200001000]    40: exit
